11:11:55:34:9 
key:1:1:1 
level:1,
current_map:2,
map:0,
12:12,
0,0,0,0,0,0,0,0,0,0,0,0,
18,18,18,18,18,0,34,34,34,34,34,34,
0,0,0,0,38,0,18,0,0,0,34,54,
0,18,18,18,18,18,18,0,34,34,0,0,
0,18,4,18,0,0,0,0,0,34,0,54,
0,34,4,34,0,0,0,0,0,0,0,0,
0,0,0,0,0,0,0,0,0,0,0,0,
0,0,0,0,0,0,34,34,34,34,34,0,
0,0,0,0,0,34,0,0,0,0,0,0,
34,34,34,34,34,0,0,0,0,0,0,0,
34,0,0,0,18,34,34,0,34,34,34,34,
9,0,34,0,0,0,0,0,0,0,0,0,
map:1,
12:12,
9,0,0,21,34,34,34,0,0,0,0,0,
34,34,0,18,34,34,34,0,0,0,0,0,
0,18,0,18,34,34,34,0,0,0,0,0,
0,18,0,0,4,0,0,0,4,18,18,0,
0,18,0,0,0,0,0,0,18,0,0,0,
34,0,0,18,0,0,0,0,18,0,18,18,
0,0,0,0,0,0,6,0,34,0,0,0,
0,34,0,34,34,34,0,0,0,18,18,0,
0,34,34,0,53,0,34,69,18,0,0,0,
0,0,34,0,34,38,0,0,18,0,18,0,
34,34,34,0,34,34,34,34,34,0,18,18,
89,0,0,0,0,0,0,0,0,0,4,0,
map:2,
12:12,
89,0,18,18,18,18,18,18,18,18,18,18,
18,0,0,0,0,18,0,0,0,0,0,0,
18,34,34,34,0,34,18,18,18,4,0,0,
18,0,0,0,0,34,0,0,18,0,0,18,
34,0,34,18,18,69,0,0,18,18,0,0,
34,0,0,0,0,0,0,0,0,18,0,0,
34,0,0,4,0,0,0,0,18,18,0,0,
34,0,0,85,0,0,0,18,0,0,18,0,
18,6,34,18,34,34,0,0,0,0,18,0,
34,0,34,18,0,0,0,0,0,0,18,0,
34,0,34,18,0,34,34,34,34,34,18,0,
9,0,34,18,0,0,0,0,0,0,0,0,
map:3,
12:12,
85,34,18,18,18,18,18,18,18,18,18,85,
53,34,18,4,0,0,22,0,0,4,18,22,
22,34,18,0,34,34,34,34,34,22,18,4,
4,34,18,0,34,22,11,22,34,22,18,4,
22,34,18,22,34,0,22,0,34,0,18,4,
22,34,18,0,34,34,4,34,34,0,18,4,
22,34,18,0,18,4,0,22,0,0,18,0,
0,34,18,4,18,18,18,18,18,18,18,0,
0,4,34,0,0,0,0,0,0,0,0,0,
34,0,34,0,0,0,0,0,0,0,0,0,
34,0,0,0,0,0,0,0,0,0,0,0,
89,0,0,34,0,0,0,0,0,0,0,0,
